data: 100 * 100 * 100

danji:
41 30359 100853 118489 141150 148285 158183 178080 217774 227672 257468 262040 277365 287263 302337 317059 326957 346854 386548 406445 413128 426242 446139 456037 463524 485833 495731 525527 535425 544118 555322 634714 644720 654629 664634 674543 684549 694458 704464 714373 724379 734287 

block: 25 * 25 * 25
30359 100853 118489 148285 158183 161347 178080 181447 187470 207772 217770 227268 237063 267664 272139 277768 317059 326957 346854 352733 406445 413128 426242 446139 456037 473622 495223 524019 535528 544118 555320 594417 595310 604410 605308 625151 634314 644318 644331 645328 664242 665252 674257 684381 685176 763861 763957 764053 764151 764246 764344 764442 765157 765176 773970 774067 774163 774260 774358 774456 783886 783982 784079 784371 794288 65 seeds found.

block: 50 * 50 * 50
30359 100853 118489 148285 158183 161347 178080 181447 217774 227672 257468 262040 277365 287263 302337 317059 326957 346854 406445 413128 426242 446139 456037 463524 495223 524019 544118 545424 594417 595310 604410 605308 625151 634314 644320 664242 665252 684257 714173 724180 734185 41 seeds found.

block: 100 * 100 * 100
30359 100853 118489 141150 148285 158183 178080 217774 227672 257468 262040 277365 287263 302337 317059 326957 346854 386548 406445 413128 426242 446139 456037 463524 485833 495731 525527 535425 544118 555322 634714 644720 654629 664634 674543 684549 694458 704464 714373 724379 734287 41 seeds found.


